289 262
321 294
285 306
262 277
290 289
262 197
258 218
293 173
324 189
306 240
284 153
273 139
284 113
316 106
306 137
209 157
185 117
209 89
229 114
217 142
224 142
161 126
93 137
98 118
114 105
124 90
141 118
116 153
117 173
125 245
105 214
97 206
157 201
141 213
149 178
153 218
118 265
157 266
161 302
150 319
134 310
125 313
89 294
94 320
174 294
202 325
183 286
225 298
230 314
236 290
213 265
345 378
386 342
342 293
389 258
341 211
378 174
377 163
341 125
358 107
378 74
340 41
329 34
294 78
257 41
244 43
210 78
173 43
145 50
133 77
89 43
76 43
42 79
41 90
78 125
43 161
52 182
77 210
42 245
43 258
79 293
42 329
42 341
66 369
92 377
128 341
162 377
173 377
209 341
245 377
269 367
304 339
329 379
293 373
117 369
44 377
109 33
201 46
294 47
392 201
372 281
373 374
